# unix_time, cycles_done, cur_path, paths_total, pending_total, pending_favs, map_size, unique_crashes, unique_hangs, max_depth, execs_per_sec
1685715593, 0, 0, 2, 2, 2, 27.08%, 0, 0, 1, 329.47, 1680
1685715598, 0, 0, 2, 2, 2, 27.08%, 0, 0, 1, 329.72, 3396
1685715603, 0, 0, 2, 2, 2, 27.08%, 0, 0, 1, 322.27, 5022
1685715608, 0, 0, 2, 2, 2, 27.08%, 0, 0, 1, 324.79, 6660
1685715613, 0, 0, 2, 2, 2, 27.08%, 0, 0, 1, 328.91, 8304
1685715618, 0, 0, 2, 2, 2, 27.08%, 0, 0, 1, 326.05, 9936
1685715623, 0, 0, 2, 2, 2, 27.08%, 0, 0, 1, 319.46, 11536
1685715628, 0, 0, 2, 2, 2, 27.08%, 0, 0, 1, 326.87, 13240
1685715633, 0, 0, 2, 2, 2, 27.08%, 0, 0, 1, 327.12, 14908
1685715639, 0, 0, 2, 2, 2, 27.08%, 0, 0, 1, 322.49, 16588
1685715644, 0, 0, 2, 2, 2, 27.08%, 0, 0, 1, 333.37, 18280
1685715649, 0, 0, 2, 2, 2, 27.08%, 0, 0, 1, 334.13, 20014
1685715654, 0, 0, 2, 2, 2, 27.08%, 0, 0, 1, 329.34, 21655
1685715659, 0, 0, 2, 2, 2, 27.08%, 0, 0, 1, 316.62, 23257
1685715664, 0, 0, 2, 2, 2, 27.08%, 0, 0, 1, 322.48, 24889
1685715669, 0, 0, 2, 2, 2, 27.08%, 0, 0, 1, 309.82, 26401
1685715674, 0, 0, 2, 2, 2, 27.08%, 0, 0, 1, 321.80, 28045
1685715679, 0, 0, 2, 2, 2, 27.08%, 0, 0, 1, 318.76, 29659
1685715684, 0, 0, 2, 2, 2, 27.08%, 0, 0, 1, 318.29, 31279
1685715689, 0, 0, 2, 2, 2, 27.08%, 0, 0, 1, 324.20, 32966
1685715694, 0, 0, 2, 2, 2, 27.08%, 0, 0, 1, 313.61, 34526
1685715699, 0, 0, 2, 2, 2, 27.08%, 0, 0, 1, 312.30, 36088
1685715704, 0, 0, 2, 2, 2, 27.08%, 0, 0, 1, 300.37, 37594
1685715709, 0, 0, 2, 2, 2, 27.08%, 0, 0, 1, 308.46, 39160
1685715715, 0, 0, 2, 2, 2, 27.08%, 0, 0, 1, 212.72, 40192
1685715720, 0, 0, 2, 2, 2, 27.08%, 0, 0, 1, 170.22, 40972
1685715725, 0, 0, 2, 2, 2, 27.08%, 0, 0, 1, 157.15, 41776
1685715730, 0, 0, 2, 2, 2, 27.08%, 0, 0, 1, 161.90, 42637
1685715735, 0, 0, 2, 2, 2, 27.08%, 0, 0, 1, 161.98, 43486
1685715740, 0, 0, 2, 2, 2, 27.08%, 0, 0, 1, 157.65, 44275
1685715746, 0, 0, 2, 2, 2, 27.08%, 0, 0, 1, 160.17, 45115
1685715751, 0, 0, 2, 2, 2, 27.08%, 0, 0, 1, 154.35, 45880
1685715756, 0, 0, 2, 2, 2, 27.08%, 0, 0, 1, 159.43, 46729
1685715761, 0, 0, 2, 2, 2, 27.08%, 0, 0, 1, 157.84, 47557
1685715766, 0, 0, 2, 2, 2, 27.08%, 0, 0, 1, 161.52, 48370
1685715771, 0, 0, 2, 2, 2, 27.08%, 0, 0, 1, 161.42, 49183
1685715776, 0, 0, 2, 2, 2, 27.08%, 0, 0, 1, 159.41, 50014
1685715782, 0, 0, 2, 2, 2, 27.08%, 0, 0, 1, 157.81, 50833
1685715787, 0, 0, 2, 2, 2, 27.08%, 0, 0, 1, 160.86, 51637
1685715792, 0, 0, 2, 2, 2, 27.08%, 0, 0, 1, 155.51, 52414
1685715797, 0, 0, 2, 2, 2, 27.08%, 0, 0, 1, 158.42, 53251
1685715802, 0, 0, 2, 2, 2, 27.08%, 0, 0, 1, 154.45, 54013
1685715807, 0, 0, 2, 2, 2, 27.08%, 0, 0, 1, 153.87, 54787
1685715812, 0, 0, 2, 2, 2, 27.08%, 0, 0, 1, 152.04, 55576
1685715817, 0, 0, 2, 2, 2, 27.08%, 0, 0, 1, 155.77, 56362
1685715822, 0, 0, 2, 2, 2, 27.08%, 0, 0, 1, 152.96, 57160
1685715828, 0, 0, 2, 2, 2, 27.08%, 0, 0, 1, 152.45, 57958
1685715833, 0, 0, 2, 2, 2, 27.08%, 0, 0, 1, 154.62, 58777
1685715838, 0, 0, 2, 2, 2, 27.08%, 0, 0, 1, 158.32, 59617
1685715843, 0, 0, 2, 2, 2, 27.08%, 0, 0, 1, 154.32, 60427
1685715848, 0, 0, 2, 2, 2, 27.08%, 0, 0, 1, 152.35, 61180
1685715854, 0, 0, 2, 2, 2, 27.08%, 0, 0, 1, 148.21, 61950
1685715859, 0, 0, 2, 2, 2, 27.08%, 0, 0, 1, 153.41, 62764
1685715864, 0, 0, 2, 2, 2, 27.08%, 0, 0, 1, 150.77, 63526
1685715869, 0, 0, 2, 2, 2, 27.08%, 0, 0, 1, 152.84, 64324
1685715874, 0, 0, 2, 2, 2, 27.08%, 0, 0, 1, 156.44, 65146
1685715879, 0, 0, 2, 2, 2, 27.08%, 0, 0, 1, 160.43, 65944
1685715885, 0, 0, 2, 2, 2, 27.08%, 0, 0, 1, 160.14, 66769
1685715890, 0, 0, 2, 2, 2, 27.08%, 0, 0, 1, 155.35, 67540
1685715895, 0, 0, 2, 2, 2, 27.08%, 0, 0, 1, 153.88, 68353
1685715900, 0, 0, 2, 2, 2, 27.08%, 0, 0, 1, 157.44, 69178
1685715905, 0, 0, 2, 2, 2, 27.08%, 0, 0, 1, 155.16, 69952
1685715910, 0, 0, 2, 2, 2, 27.08%, 0, 0, 1, 157.17, 70780
1685715916, 0, 0, 2, 2, 2, 27.08%, 0, 0, 1, 155.65, 71605
1685715921, 0, 0, 2, 2, 2, 27.08%, 0, 0, 1, 156.74, 72427
1685715926, 0, 0, 2, 2, 2, 27.08%, 0, 0, 1, 154.09, 73234
1685715931, 0, 0, 2, 2, 2, 27.08%, 0, 0, 1, 156.54, 74023
1685715936, 0, 0, 2, 2, 2, 27.08%, 0, 0, 1, 157.36, 74857
1685715941, 0, 0, 2, 2, 2, 27.08%, 0, 0, 1, 156.46, 75637
1685715946, 0, 0, 2, 2, 2, 27.08%, 0, 0, 1, 159.67, 76438
1685715952, 0, 0, 2, 2, 2, 27.08%, 0, 0, 1, 159.00, 77272
1685715957, 0, 0, 2, 2, 2, 27.08%, 0, 0, 1, 159.72, 78112
1685715962, 0, 0, 2, 2, 2, 27.08%, 0, 0, 1, 156.03, 78934
1685715967, 0, 0, 2, 2, 2, 27.08%, 0, 0, 1, 152.55, 79729
1685715972, 0, 0, 2, 2, 2, 27.08%, 0, 0, 1, 154.90, 80500
1685715978, 0, 0, 2, 2, 2, 27.08%, 0, 0, 1, 156.04, 81325
1685715983, 0, 0, 2, 2, 2, 27.08%, 0, 0, 1, 157.82, 82147
1685715988, 0, 0, 2, 2, 2, 27.08%, 0, 0, 1, 154.27, 82954
1685715993, 0, 0, 2, 2, 2, 27.08%, 0, 0, 1, 148.13, 83692
1685715998, 0, 0, 2, 2, 2, 27.08%, 0, 0, 1, 148.31, 84430
1685716003, 0, 0, 2, 2, 2, 27.08%, 0, 0, 1, 152.38, 85234
1685716009, 0, 0, 2, 2, 2, 27.08%, 0, 0, 1, 154.19, 86050
1685716014, 0, 0, 2, 2, 2, 27.08%, 0, 0, 1, 153.42, 86872
1685716019, 0, 0, 2, 2, 2, 27.08%, 0, 0, 1, 156.54, 87658
1685716024, 0, 0, 2, 2, 2, 27.08%, 0, 0, 1, 154.71, 88450
1685716029, 0, 0, 2, 2, 2, 27.08%, 0, 0, 1, 151.75, 89239
1685716035, 0, 0, 2, 2, 2, 27.08%, 0, 0, 1, 152.43, 90043
1685716040, 0, 0, 2, 2, 2, 27.08%, 0, 0, 1, 155.14, 90859
1685716045, 0, 0, 2, 2, 2, 27.08%, 0, 0, 1, 155.85, 91642
1685716050, 0, 0, 2, 2, 2, 27.08%, 0, 0, 1, 160.57, 92494
1685716055, 0, 0, 2, 2, 2, 27.08%, 0, 0, 1, 155.32, 93271
1685716060, 0, 0, 2, 2, 2, 27.08%, 0, 0, 1, 150.68, 94051
1685716066, 0, 0, 2, 2, 2, 27.08%, 0, 0, 1, 155.20, 94867
1685716071, 0, 0, 2, 2, 2, 27.08%, 0, 0, 1, 157.27, 95695
1685716076, 0, 0, 2, 2, 2, 27.08%, 0, 0, 1, 156.33, 96475
1685716081, 0, 0, 2, 2, 2, 27.08%, 0, 0, 1, 151.88, 97267
1685716086, 0, 0, 2, 2, 2, 27.08%, 0, 0, 1, 148.31, 98006
1685716091, 0, 0, 2, 2, 2, 27.08%, 0, 0, 1, 145.28, 98768
1685716097, 0, 0, 2, 2, 2, 27.08%, 0, 0, 1, 148.00, 99548
1685716102, 0, 0, 2, 2, 2, 27.08%, 0, 0, 1, 147.50, 100290
1685716107, 0, 0, 2, 2, 2, 27.08%, 0, 0, 1, 154.12, 101101
1685716112, 0, 0, 2, 2, 2, 27.08%, 0, 0, 1, 150.86, 101892
1685716117, 0, 0, 2, 2, 2, 27.08%, 0, 0, 1, 150.42, 102658
1685716122, 0, 0, 2, 2, 2, 27.08%, 0, 0, 1, 151.71, 103414
1685716127, 0, 0, 2, 2, 2, 27.08%, 0, 0, 1, 154.28, 104218
1685716133, 0, 0, 2, 2, 2, 27.08%, 0, 0, 1, 152.55, 105013
1685716138, 0, 0, 2, 2, 2, 27.08%, 0, 0, 1, 152.65, 105812
1685716143, 0, 0, 2, 2, 2, 27.08%, 0, 0, 1, 150.51, 106594
1685716148, 0, 0, 2, 2, 2, 27.08%, 0, 0, 1, 151.65, 107360
1685716153, 0, 0, 2, 2, 2, 27.08%, 0, 1, 1, 31.44, 107838
1685716158, 0, 0, 2, 2, 2, 27.08%, 0, 1, 1, 318.79, 109125
1685716164, 0, 0, 2, 2, 2, 27.08%, 0, 1, 1, 207.95, 110089
1685716169, 0, 0, 2, 2, 2, 27.08%, 0, 1, 1, 169.83, 110910
1685716174, 0, 0, 2, 2, 2, 27.08%, 0, 1, 1, 159.21, 111684
1685716179, 0, 0, 2, 2, 2, 27.08%, 0, 1, 1, 158.73, 112512
1685716184, 0, 0, 2, 2, 2, 27.08%, 0, 1, 1, 158.47, 113337
1685716190, 0, 0, 2, 2, 2, 27.08%, 0, 1, 1, 159.24, 114171
1685716195, 0, 0, 2, 2, 2, 27.08%, 0, 1, 1, 143.31, 114924
1685716200, 0, 0, 2, 2, 2, 27.08%, 0, 1, 1, 16.00, 115408
1685716205, 0, 0, 2, 2, 2, 27.08%, 0, 1, 1, 12.32, 115464
1685716210, 0, 0, 2, 2, 2, 27.08%, 0, 1, 1, 10.94, 115520
1685716216, 0, 0, 2, 2, 2, 27.08%, 0, 1, 1, 10.68, 115576
1685716221, 0, 0, 2, 2, 2, 27.08%, 0, 1, 1, 10.96, 115634
1685716226, 0, 0, 2, 2, 2, 27.08%, 0, 1, 1, 12.88, 115701
1685716231, 0, 0, 2, 2, 2, 27.08%, 0, 1, 1, 64.68, 115763
1685716236, 0, 0, 2, 2, 2, 27.08%, 0, 1, 1, 311.72, 117334
1685716241, 0, 0, 2, 2, 2, 27.08%, 0, 1, 1, 320.24, 119008
1685716246, 0, 0, 2, 2, 2, 27.08%, 0, 1, 1, 310.46, 120568
1685716251, 0, 0, 2, 2, 2, 27.08%, 0, 1, 1, 311.23, 122128
1685716256, 0, 0, 2, 2, 2, 27.08%, 0, 1, 1, 327.96, 123808
1685716261, 0, 0, 2, 2, 2, 27.08%, 0, 1, 1, 321.76, 125416
1685716266, 0, 0, 2, 2, 2, 27.08%, 0, 1, 1, 311.06, 126958
1685716271, 0, 0, 2, 2, 2, 27.08%, 0, 1, 1, 325.62, 128656
1685716277, 0, 0, 2, 2, 2, 27.08%, 0, 1, 1, 300.87, 130216
1685716282, 0, 0, 2, 2, 2, 27.08%, 0, 1, 1, 308.31, 131770
1685716287, 0, 0, 2, 2, 2, 27.08%, 0, 1, 1, 317.17, 133414
1685716292, 0, 0, 2, 2, 2, 27.08%, 0, 1, 1, 202.77, 134262
1685716297, 0, 0, 2, 2, 2, 27.08%, 0, 1, 1, 170.00, 135091
1685716302, 0, 0, 2, 2, 2, 27.08%, 0, 1, 1, 160.57, 135883
1685716307, 0, 0, 2, 2, 2, 27.08%, 0, 1, 1, 156.45, 136687
1685716313, 0, 0, 2, 2, 2, 27.08%, 0, 1, 1, 159.61, 137530
1685716318, 0, 0, 2, 2, 2, 27.08%, 0, 1, 1, 157.57, 138307
1685716323, 0, 0, 2, 2, 2, 27.08%, 0, 1, 1, 158.23, 139135
1685716328, 0, 0, 2, 2, 2, 27.08%, 0, 1, 1, 156.08, 139954
1685716333, 0, 0, 2, 2, 2, 27.08%, 0, 1, 1, 159.30, 140800
1685716339, 0, 0, 2, 2, 2, 27.08%, 0, 1, 1, 157.99, 141616
1685716344, 0, 0, 2, 2, 2, 27.08%, 0, 1, 1, 159.50, 142420
1685716349, 0, 0, 2, 2, 2, 27.08%, 0, 1, 1, 156.82, 143236
1685716354, 0, 0, 2, 2, 2, 27.08%, 0, 1, 1, 156.57, 144022
1685716359, 0, 0, 2, 2, 2, 27.08%, 0, 1, 1, 154.63, 144835
1685716364, 0, 0, 2, 2, 2, 27.08%, 0, 1, 1, 156.02, 145615
1685716369, 0, 0, 2, 2, 2, 27.08%, 0, 1, 1, 159.88, 146455
1685716375, 0, 0, 2, 2, 2, 27.08%, 0, 1, 1, 160.41, 147295
1685716380, 0, 0, 2, 2, 2, 27.08%, 0, 1, 1, 157.81, 148123
1685716385, 0, 0, 2, 2, 2, 27.08%, 0, 1, 1, 154.37, 148939
1685716390, 0, 0, 2, 2, 2, 27.08%, 0, 1, 1, 152.97, 149710
1685716395, 0, 0, 2, 2, 2, 27.08%, 0, 1, 1, 131.15, 150354
1685716401, 0, 0, 2, 2, 2, 27.08%, 0, 1, 1, 11.93, 150776
1685716406, 0, 0, 2, 2, 2, 27.08%, 0, 1, 1, 9.97, 150824
1685716411, 0, 0, 2, 2, 2, 27.08%, 0, 1, 1, 9.04, 150869
1685716416, 0, 0, 2, 2, 2, 27.08%, 0, 1, 1, 8.91, 150914
1685716421, 0, 0, 2, 2, 2, 27.08%, 0, 1, 1, 8.50, 150959
1685716426, 0, 0, 2, 2, 2, 27.08%, 0, 1, 1, 8.47, 151004
1685716431, 0, 0, 2, 2, 2, 27.08%, 0, 1, 1, 8.59, 151050
1685716437, 0, 0, 2, 2, 2, 27.08%, 0, 1, 1, 8.38, 151095
1685716442, 0, 0, 2, 2, 2, 27.08%, 0, 1, 1, 8.31, 151140
1685716447, 0, 0, 2, 2, 2, 27.08%, 0, 1, 1, 8.74, 151187
1685716452, 0, 0, 2, 2, 2, 27.08%, 0, 1, 1, 8.69, 151232
1685716457, 0, 0, 2, 2, 2, 27.08%, 0, 1, 1, 8.46, 151277
1685716462, 0, 0, 2, 2, 2, 27.08%, 0, 1, 1, 8.36, 151322
1685716468, 0, 0, 2, 2, 2, 27.08%, 0, 1, 1, 264.26, 152890
1685716473, 0, 0, 2, 2, 2, 27.08%, 0, 1, 1, 306.92, 154486
1685716478, 0, 0, 2, 2, 2, 27.08%, 0, 1, 1, 324.82, 156130
1685716483, 0, 0, 2, 2, 2, 27.08%, 0, 1, 1, 321.20, 157792
1685716488, 0, 0, 2, 2, 2, 27.08%, 0, 1, 1, 324.95, 159430
1685716493, 0, 0, 2, 2, 2, 27.08%, 0, 1, 1, 318.32, 161044
1685716498, 0, 0, 2, 2, 2, 27.08%, 0, 1, 1, 322.85, 162676
1685716503, 0, 0, 2, 2, 2, 27.08%, 0, 1, 1, 312.97, 164254
1685716508, 0, 0, 2, 2, 2, 27.08%, 0, 1, 1, 316.53, 165910
1685716513, 0, 0, 2, 2, 2, 27.08%, 0, 1, 1, 314.18, 167548
1685716518, 0, 0, 2, 2, 2, 27.08%, 0, 1, 1, 325.79, 169192
1685716523, 0, 0, 2, 2, 2, 27.08%, 0, 1, 1, 324.67, 170830
1685716529, 0, 0, 2, 2, 2, 27.08%, 0, 1, 1, 322.63, 172456
1685716534, 0, 0, 2, 2, 2, 27.08%, 0, 1, 1, 317.16, 174022
1685716539, 0, 0, 2, 2, 2, 27.08%, 0, 1, 1, 314.68, 175630
1685716544, 0, 0, 2, 2, 2, 27.08%, 0, 1, 1, 313.32, 177190
1685716549, 0, 0, 2, 2, 2, 27.08%, 0, 1, 1, 322.90, 178822
1685716554, 0, 0, 2, 2, 2, 27.08%, 0, 1, 1, 321.75, 180448
1685716559, 0, 0, 2, 2, 2, 27.08%, 0, 1, 1, 316.64, 182038
1685716564, 0, 0, 2, 2, 2, 27.08%, 0, 1, 1, 312.03, 183598
1685716569, 0, 0, 2, 2, 2, 27.08%, 0, 1, 1, 313.73, 185182
1685716574, 0, 0, 2, 2, 2, 27.08%, 0, 1, 1, 318.20, 186778
1685716579, 0, 0, 2, 2, 2, 27.08%, 0, 1, 1, 269.47, 188165
1685716584, 0, 0, 2, 2, 2, 27.08%, 0, 1, 1, 185.92, 188947
1685716589, 0, 0, 2, 2, 2, 27.08%, 0, 1, 1, 168.29, 189802
1685716594, 0, 0, 2, 2, 2, 27.08%, 0, 1, 1, 160.54, 190585
1685716599, 0, 0, 2, 2, 2, 27.08%, 0, 1, 1, 158.44, 191419
1685716604, 0, 0, 2, 2, 2, 27.08%, 0, 1, 1, 156.41, 192199
1685716610, 0, 0, 2, 2, 2, 27.08%, 0, 1, 1, 157.74, 193024
1685716615, 0, 0, 2, 2, 2, 27.08%, 0, 1, 1, 161.36, 193837
1685716620, 0, 0, 2, 2, 2, 27.08%, 0, 1, 1, 158.72, 194632
1685716625, 0, 0, 2, 2, 2, 27.08%, 0, 1, 1, 157.93, 195457
1685716630, 0, 0, 2, 2, 2, 27.08%, 0, 1, 1, 158.87, 196246
1685716635, 0, 0, 2, 2, 2, 27.08%, 0, 1, 1, 153.96, 197050
1685716640, 0, 0, 2, 2, 2, 27.08%, 0, 1, 1, 145.37, 197796
1685716645, 0, 0, 2, 2, 2, 27.08%, 0, 1, 1, 152.30, 198577
1685716650, 0, 0, 2, 2, 2, 27.08%, 0, 1, 1, 153.38, 199345
1685716656, 0, 0, 2, 2, 2, 27.08%, 0, 1, 1, 155.60, 200161
1685716661, 0, 0, 2, 2, 2, 27.08%, 0, 1, 1, 156.74, 200983
1685716666, 0, 0, 2, 2, 2, 27.08%, 0, 1, 1, 159.54, 201826
1685716671, 0, 0, 2, 2, 2, 27.08%, 0, 1, 1, 161.19, 202666
1685716676, 0, 0, 2, 2, 2, 27.08%, 0, 1, 1, 160.91, 203473
1685716682, 0, 0, 2, 2, 2, 27.08%, 0, 1, 1, 159.60, 204304
1685716687, 0, 0, 5, 5, 2, 27.08%, 0, 1, 2, 156.77, 205121
1685716692, 0, 0, 12, 12, 2, 27.08%, 0, 1, 2, 287.29, 205839
1685716697, 0, 0, 12, 12, 2, 27.08%, 0, 1, 2, 120.57, 206588
1685716702, 0, 0, 12, 12, 2, 27.08%, 0, 1, 2, 174.20, 207547
1685716707, 0, 0, 12, 12, 2, 27.08%, 0, 1, 2, 134.87, 208296
1685716713, 0, 3, 12, 11, 1, 27.08%, 0, 1, 2, 273.68, 209827
1685716718, 0, 3, 12, 11, 1, 27.08%, 0, 1, 2, 221.92, 211011
1685716723, 0, 3, 12, 11, 1, 27.08%, 0, 1, 2, 178.11, 211862
1685716728, 0, 3, 12, 11, 1, 27.08%, 0, 1, 2, 164.38, 212660
1685716733, 0, 3, 12, 11, 1, 27.08%, 0, 1, 2, 161.74, 213464
1685716738, 0, 3, 12, 11, 1, 27.08%, 0, 1, 2, 160.56, 214295
1685716743, 0, 3, 12, 11, 1, 27.08%, 0, 1, 2, 155.90, 215102
1685716748, 0, 3, 12, 11, 1, 27.08%, 0, 1, 2, 153.95, 215867
1685716754, 0, 3, 12, 11, 1, 27.08%, 0, 1, 2, 156.52, 216686
1685716759, 0, 3, 12, 11, 1, 27.08%, 0, 1, 2, 157.27, 217508
1685716764, 0, 3, 12, 11, 1, 27.08%, 0, 1, 2, 156.60, 218337
1685716769, 0, 3, 12, 11, 1, 27.08%, 0, 1, 2, 157.39, 219156
1685716774, 0, 3, 12, 11, 1, 27.08%, 0, 1, 2, 157.51, 219945
1685716780, 0, 3, 12, 11, 1, 27.08%, 0, 1, 2, 155.52, 220758
1685716785, 0, 3, 12, 11, 1, 27.08%, 0, 1, 2, 150.43, 221544
1685716790, 0, 3, 12, 11, 1, 27.08%, 0, 1, 2, 150.12, 222329
1685716795, 0, 3, 12, 11, 1, 27.08%, 0, 1, 2, 154.00, 223149
1685716801, 0, 3, 12, 11, 1, 27.08%, 0, 1, 2, 156.85, 223977
1685716806, 0, 3, 12, 11, 1, 27.08%, 0, 1, 2, 160.11, 224826
1685716811, 0, 3, 12, 11, 1, 27.08%, 0, 1, 2, 157.18, 225609
1685716816, 0, 3, 12, 11, 1, 27.08%, 0, 1, 2, 153.93, 226404
1685716821, 0, 3, 12, 11, 1, 27.08%, 0, 1, 2, 160.69, 227262
1685716827, 0, 3, 12, 11, 1, 27.08%, 0, 1, 2, 160.22, 228102
1685716832, 0, 3, 12, 11, 1, 27.08%, 0, 1, 2, 165.02, 228936
1685716837, 0, 3, 12, 11, 1, 27.08%, 0, 1, 2, 160.14, 229767
1685716842, 0, 3, 12, 11, 1, 27.08%, 0, 1, 2, 161.20, 230604
1685716847, 0, 3, 12, 11, 1, 27.08%, 0, 1, 2, 162.01, 231459
1685716852, 0, 3, 12, 11, 1, 27.08%, 0, 1, 2, 160.64, 232251
1685716858, 0, 3, 12, 11, 1, 27.08%, 0, 1, 2, 159.06, 233079
1685716863, 0, 3, 12, 11, 1, 27.08%, 0, 1, 2, 155.13, 233898
1685716868, 0, 3, 12, 11, 1, 27.08%, 0, 1, 2, 162.14, 234753
1685716873, 0, 3, 12, 11, 1, 27.08%, 0, 1, 2, 164.08, 235570
1685716878, 0, 3, 12, 11, 1, 27.08%, 0, 1, 2, 161.06, 236418
1685716883, 0, 3, 12, 11, 1, 27.08%, 0, 1, 2, 164.22, 237244
1685716889, 0, 3, 12, 11, 1, 27.08%, 0, 1, 2, 161.81, 238083
1685716894, 0, 3, 12, 11, 1, 27.08%, 0, 1, 2, 160.29, 238917
1685716899, 0, 3, 12, 11, 1, 27.08%, 0, 1, 2, 160.59, 239721
1685716904, 0, 3, 12, 11, 1, 27.08%, 0, 1, 2, 156.27, 240537
1685716909, 0, 3, 12, 11, 1, 27.08%, 0, 1, 2, 161.17, 241383
1685716914, 0, 3, 12, 11, 1, 27.08%, 0, 1, 2, 151.99, 242133
1685716920, 0, 3, 12, 11, 1, 27.08%, 0, 1, 2, 154.48, 242952
1685716925, 0, 3, 12, 11, 1, 27.08%, 0, 1, 2, 154.39, 243726
1685716930, 0, 3, 12, 11, 1, 27.08%, 0, 1, 2, 154.37, 244497
1685716935, 0, 3, 12, 11, 1, 27.08%, 0, 1, 2, 153.98, 245316
1685716940, 0, 3, 12, 11, 1, 27.08%, 0, 1, 2, 157.78, 246150
1685716945, 0, 3, 12, 11, 1, 27.08%, 0, 1, 2, 154.02, 246966
1685716951, 0, 3, 12, 11, 1, 27.08%, 0, 1, 2, 155.15, 247770
1685716956, 0, 3, 12, 11, 1, 27.08%, 0, 1, 2, 154.86, 248586
1685716961, 0, 3, 12, 11, 1, 27.08%, 0, 1, 2, 157.41, 249372
1685716966, 0, 3, 12, 11, 1, 27.08%, 0, 1, 2, 156.95, 250197
1685716971, 0, 3, 12, 11, 1, 27.08%, 0, 1, 2, 159.33, 250992
1685716976, 0, 3, 12, 11, 1, 27.08%, 0, 1, 2, 161.21, 251805
1685716981, 0, 3, 12, 11, 1, 27.08%, 0, 1, 2, 159.87, 252645
1685716986, 0, 3, 12, 11, 1, 27.08%, 0, 1, 2, 157.11, 253422
1685716992, 0, 3, 12, 11, 1, 27.08%, 0, 1, 2, 158.54, 254250
1685716997, 0, 3, 12, 11, 1, 27.08%, 0, 1, 2, 159.55, 255078
1685717002, 0, 3, 12, 11, 1, 27.08%, 0, 1, 2, 159.27, 255921
1685717007, 0, 3, 12, 11, 1, 27.08%, 0, 1, 2, 163.48, 256743
1685717012, 0, 3, 12, 11, 1, 27.08%, 0, 1, 2, 163.25, 257595
1685717018, 0, 3, 12, 11, 1, 27.08%, 0, 1, 2, 157.44, 258411
1685717023, 0, 3, 12, 11, 1, 27.08%, 0, 1, 2, 158.87, 259209
1685717028, 0, 3, 12, 11, 1, 27.08%, 0, 1, 2, 160.30, 260049
1685717033, 0, 3, 12, 11, 1, 27.08%, 0, 1, 2, 159.17, 260877
1685717038, 0, 3, 12, 11, 1, 27.08%, 0, 1, 2, 160.92, 261681
1685717043, 0, 3, 12, 11, 1, 27.08%, 0, 1, 2, 160.32, 262530
1685717049, 0, 3, 12, 11, 1, 27.08%, 0, 1, 2, 155.82, 263340
1685717054, 0, 3, 12, 11, 1, 27.08%, 0, 1, 2, 155.01, 264126
1685717059, 0, 3, 12, 11, 1, 27.08%, 0, 1, 2, 157.57, 264945
1685717064, 0, 3, 12, 11, 1, 27.08%, 0, 1, 2, 156.60, 265725
1685717069, 0, 3, 12, 11, 1, 27.08%, 0, 1, 2, 156.41, 266547
1685717074, 0, 3, 12, 11, 1, 27.08%, 0, 1, 2, 154.84, 267318
1685717079, 0, 3, 12, 11, 1, 27.08%, 0, 1, 2, 155.79, 268134
1685717084, 0, 3, 12, 11, 1, 27.08%, 0, 1, 2, 158.49, 268938
1685717089, 0, 3, 12, 11, 1, 27.08%, 0, 1, 2, 157.35, 269727
1685717095, 0, 3, 12, 11, 1, 27.08%, 0, 1, 2, 162.81, 270585
1685717100, 0, 3, 12, 11, 1, 27.08%, 0, 1, 2, 161.34, 271428
1685717105, 0, 3, 12, 11, 1, 27.08%, 0, 1, 2, 155.81, 272199
1685717110, 0, 3, 12, 11, 1, 27.08%, 0, 1, 2, 159.26, 273033
1685717115, 0, 3, 12, 11, 1, 27.08%, 0, 1, 2, 160.97, 273846
1685717120, 0, 3, 12, 11, 1, 27.08%, 0, 1, 2, 161.95, 274656
1685717125, 0, 3, 12, 11, 1, 27.08%, 0, 1, 2, 162.87, 275505
1685717130, 0, 3, 12, 11, 1, 27.08%, 0, 1, 2, 165.06, 276333
1685717136, 0, 3, 12, 11, 1, 27.08%, 0, 1, 2, 162.78, 277179
1685717141, 0, 3, 12, 11, 1, 27.08%, 0, 1, 2, 161.87, 277992
1685717146, 0, 3, 12, 11, 1, 27.08%, 0, 1, 2, 162.65, 278856
1685717151, 0, 3, 12, 11, 1, 27.08%, 0, 1, 2, 162.56, 279705
1685717156, 0, 3, 12, 11, 1, 27.08%, 0, 1, 2, 162.82, 280524
1685717161, 0, 3, 12, 11, 1, 27.08%, 0, 1, 2, 164.19, 281391
1685717166, 0, 3, 12, 11, 1, 27.08%, 0, 1, 2, 164.33, 282207
1685717172, 0, 3, 12, 11, 1, 27.08%, 0, 1, 2, 159.44, 283041
1685717177, 0, 3, 12, 11, 1, 27.08%, 0, 1, 2, 161.43, 283863
1685717182, 0, 3, 12, 11, 1, 27.08%, 0, 1, 2, 159.45, 284694
1685717187, 0, 3, 12, 11, 1, 27.08%, 0, 1, 2, 159.32, 285489
1685717192, 0, 3, 12, 11, 1, 27.08%, 0, 1, 2, 160.85, 286335
1685717197, 0, 3, 12, 11, 1, 27.08%, 0, 1, 2, 162.54, 287193
1685717202, 0, 3, 12, 11, 1, 27.08%, 0, 1, 2, 161.60, 287997
1685717208, 0, 3, 12, 11, 1, 27.08%, 0, 1, 2, 160.43, 288840
1685717213, 0, 3, 12, 11, 1, 27.08%, 0, 1, 2, 158.59, 289626
1685717218, 0, 3, 12, 11, 1, 27.08%, 0, 1, 2, 162.55, 290481
1685717223, 0, 3, 12, 11, 1, 27.08%, 0, 1, 2, 159.34, 291315
1685717228, 0, 3, 12, 11, 1, 27.08%, 0, 1, 2, 160.80, 292116
1685717233, 0, 3, 12, 11, 1, 27.08%, 0, 1, 2, 160.38, 292959
1685717238, 0, 3, 12, 11, 1, 27.08%, 0, 1, 2, 161.77, 293766
1685717243, 0, 3, 12, 11, 1, 27.08%, 0, 1, 2, 160.30, 294573
1685717248, 0, 3, 12, 11, 1, 27.08%, 0, 1, 2, 159.93, 295366
1685717254, 0, 3, 12, 11, 1, 27.08%, 0, 1, 2, 164.96, 296245
1685717259, 0, 3, 12, 11, 1, 27.08%, 0, 1, 2, 165.61, 297079
1685717264, 0, 3, 12, 11, 1, 27.08%, 0, 1, 2, 155.17, 297861
1685717269, 0, 3, 12, 11, 1, 27.08%, 0, 1, 2, 155.99, 298677
1685717274, 0, 3, 12, 11, 1, 27.08%, 0, 1, 2, 154.58, 299484
1685717279, 0, 3, 12, 11, 1, 27.08%, 0, 1, 2, 160.88, 300342
1685717284, 0, 3, 12, 11, 1, 27.08%, 0, 1, 2, 156.08, 301119
1685717290, 0, 3, 12, 11, 1, 27.08%, 0, 1, 2, 159.35, 301959
1685717295, 0, 3, 12, 11, 1, 27.08%, 0, 1, 2, 162.80, 302778
1685717300, 0, 3, 12, 11, 1, 27.08%, 0, 1, 2, 156.93, 303599
1685717305, 0, 3, 12, 11, 1, 27.08%, 0, 1, 2, 120.20, 304161
1685717310, 0, 3, 12, 11, 1, 27.08%, 0, 1, 2, 124.63, 304767
1685717315, 0, 3, 12, 11, 1, 27.08%, 0, 1, 2, 149.93, 305601
1685717320, 0, 3, 12, 11, 1, 27.08%, 0, 1, 2, 160.15, 306419
1685717325, 0, 3, 12, 11, 1, 27.08%, 0, 1, 2, 157.81, 307202
1685717330, 0, 3, 12, 11, 1, 27.08%, 0, 1, 2, 161.31, 308009
1685717336, 0, 3, 12, 11, 1, 27.08%, 0, 1, 2, 160.55, 308858
1685717341, 0, 3, 12, 11, 1, 27.08%, 0, 1, 2, 161.58, 309668
1685717346, 0, 3, 12, 11, 1, 27.08%, 0, 1, 2, 160.80, 310478
1685717351, 0, 3, 12, 11, 1, 27.08%, 0, 1, 2, 159.62, 311309
1685717356, 0, 3, 12, 11, 1, 27.08%, 0, 1, 2, 159.58, 312146
1685717361, 0, 3, 12, 11, 1, 27.08%, 0, 1, 2, 162.30, 312968
1685717366, 0, 3, 12, 11, 1, 27.08%, 0, 1, 2, 164.57, 313829
1685717372, 0, 3, 12, 11, 1, 27.08%, 0, 1, 2, 165.52, 314696
1685717377, 0, 3, 12, 11, 1, 27.08%, 0, 1, 2, 162.97, 315506
1685717382, 0, 3, 12, 11, 1, 27.08%, 0, 1, 2, 163.96, 316358
1685717387, 0, 3, 12, 11, 1, 27.08%, 0, 1, 2, 164.75, 317225
1685717392, 0, 3, 12, 11, 1, 27.08%, 0, 1, 2, 165.97, 318056
1685717397, 0, 3, 12, 11, 1, 27.08%, 0, 1, 2, 166.26, 318929
1685717402, 0, 3, 12, 11, 1, 27.08%, 0, 1, 2, 159.81, 319727
1685717408, 0, 3, 12, 11, 1, 27.08%, 0, 1, 2, 160.05, 320567
1685717413, 0, 3, 12, 11, 1, 27.08%, 0, 1, 2, 161.42, 321425
1685717418, 0, 3, 12, 11, 1, 27.08%, 0, 1, 2, 161.11, 322265
1685717423, 0, 3, 12, 11, 1, 27.08%, 0, 1, 2, 162.38, 323117
1685717429, 0, 3, 12, 11, 1, 27.08%, 0, 1, 2, 164.19, 323978
1685717434, 0, 3, 12, 11, 1, 27.08%, 0, 1, 2, 162.77, 324788
1685717439, 0, 3, 12, 11, 1, 27.08%, 0, 1, 2, 161.04, 325586
1685717444, 0, 3, 12, 11, 1, 27.08%, 0, 1, 2, 159.34, 326423
1685717449, 0, 3, 12, 11, 1, 27.08%, 0, 1, 2, 162.29, 327275
1685717454, 0, 3, 12, 11, 1, 27.08%, 0, 1, 2, 164.70, 328142
1685717460, 0, 3, 12, 11, 1, 27.08%, 0, 1, 2, 161.54, 328994
1685717465, 0, 3, 12, 11, 1, 27.08%, 0, 1, 2, 158.90, 329825
1685717470, 0, 3, 12, 11, 1, 27.08%, 0, 1, 2, 162.43, 330641
1685717475, 0, 3, 12, 11, 1, 27.08%, 0, 1, 2, 158.71, 331430
1685717480, 0, 3, 12, 11, 1, 27.08%, 0, 1, 2, 157.96, 332225
1685717485, 0, 3, 12, 11, 1, 27.08%, 0, 1, 2, 117.28, 332769
1685717490, 0, 3, 12, 11, 1, 27.08%, 0, 1, 2, 96.33, 333227
1685717495, 0, 3, 12, 11, 1, 27.08%, 0, 1, 2, 90.11, 333692
1685717500, 0, 3, 12, 11, 1, 27.08%, 0, 1, 2, 129.02, 334381
1685717506, 0, 3, 12, 11, 1, 27.08%, 0, 1, 2, 152.99, 335234
1685717511, 0, 3, 12, 11, 1, 27.08%, 0, 1, 2, 152.40, 336038
1685717516, 0, 3, 12, 11, 1, 27.08%, 0, 1, 2, 154.77, 336860
1685717521, 0, 3, 12, 11, 1, 27.08%, 0, 1, 2, 154.46, 337676
1685717527, 0, 3, 12, 11, 1, 27.08%, 0, 1, 2, 159.73, 338522
1685717532, 0, 3, 12, 11, 1, 27.08%, 0, 1, 2, 163.99, 339392
1685717537, 0, 3, 12, 11, 1, 27.08%, 0, 1, 2, 162.54, 340241
1685717542, 0, 3, 12, 11, 1, 27.08%, 0, 1, 2, 160.08, 341069
1685717547, 0, 3, 12, 11, 1, 27.08%, 0, 1, 2, 162.70, 341885
1685717553, 0, 3, 12, 11, 1, 27.08%, 0, 1, 2, 165.85, 342764
1685717558, 0, 3, 12, 11, 1, 27.08%, 0, 1, 2, 164.22, 343619
1685717563, 0, 3, 12, 11, 1, 27.08%, 0, 1, 2, 165.77, 344450
1685717568, 0, 3, 12, 11, 1, 27.08%, 0, 1, 2, 161.10, 345293
1685717573, 0, 3, 12, 11, 1, 27.08%, 0, 1, 2, 157.48, 346070
1685717578, 0, 3, 12, 11, 1, 27.08%, 0, 1, 2, 162.51, 346922
1685717583, 0, 3, 12, 11, 1, 27.08%, 0, 1, 2, 161.78, 347735
1685717589, 0, 3, 12, 11, 1, 27.08%, 0, 1, 2, 158.66, 348572
1685717594, 0, 3, 12, 11, 1, 27.08%, 0, 1, 2, 161.85, 349385
1685717599, 0, 3, 12, 11, 1, 27.08%, 0, 1, 2, 162.57, 350240
1685717604, 0, 3, 12, 11, 1, 27.08%, 0, 1, 2, 158.21, 351023
1685717609, 0, 3, 12, 11, 1, 27.08%, 0, 1, 2, 163.06, 351881
1685717614, 0, 3, 12, 11, 1, 27.08%, 0, 1, 2, 162.67, 352742
1685717620, 0, 3, 12, 11, 1, 27.08%, 0, 1, 2, 161.23, 353585
1685717625, 0, 3, 12, 11, 1, 27.08%, 0, 1, 2, 164.94, 354458
1685717630, 0, 3, 12, 11, 1, 27.08%, 0, 1, 2, 161.81, 355310
1685717635, 0, 3, 12, 11, 1, 27.08%, 0, 1, 2, 157.04, 356087
1685717640, 0, 3, 12, 11, 1, 27.08%, 0, 1, 2, 157.86, 356915
1685717645, 0, 3, 12, 11, 1, 27.08%, 0, 1, 2, 154.87, 357692
1685717650, 0, 3, 12, 11, 1, 27.08%, 0, 1, 2, 155.20, 358469
1685717656, 0, 3, 12, 11, 1, 27.08%, 0, 1, 2, 157.46, 359303
1685717661, 0, 3, 12, 11, 1, 27.08%, 0, 1, 2, 158.44, 360131
1685717666, 0, 3, 12, 11, 1, 27.08%, 0, 1, 2, 158.95, 360956
1685717671, 0, 3, 12, 11, 1, 27.08%, 0, 1, 2, 158.42, 361790
1685717676, 0, 3, 12, 11, 1, 27.08%, 0, 1, 2, 160.48, 362603
1685717681, 0, 3, 12, 11, 1, 27.08%, 0, 1, 2, 160.75, 363398
1685717686, 0, 3, 12, 11, 1, 27.08%, 0, 1, 2, 161.90, 364214
1685717692, 0, 3, 12, 11, 1, 27.08%, 0, 1, 2, 159.37, 365045
1685717697, 0, 3, 12, 11, 1, 27.08%, 0, 1, 2, 159.21, 365834
1685717702, 0, 3, 12, 11, 1, 27.08%, 0, 1, 2, 160.18, 366683
1685717707, 0, 3, 12, 11, 1, 27.08%, 0, 1, 2, 164.47, 367517
1685717712, 0, 3, 12, 11, 1, 27.08%, 0, 1, 2, 163.30, 368366
1685717717, 0, 3, 12, 11, 1, 27.08%, 0, 1, 2, 162.81, 369176
1685717722, 0, 3, 12, 11, 1, 27.08%, 0, 1, 2, 162.56, 369998
1685717727, 0, 3, 12, 11, 1, 27.08%, 0, 1, 2, 160.43, 370829
1685717732, 0, 3, 12, 11, 1, 27.08%, 0, 1, 2, 158.75, 371621
1685717737, 0, 3, 12, 11, 1, 27.08%, 0, 1, 2, 160.30, 372422
1685717743, 0, 3, 12, 11, 1, 27.08%, 0, 1, 2, 156.73, 373241
1685717748, 0, 3, 12, 11, 1, 27.08%, 0, 1, 2, 154.73, 374048
1685717753, 0, 3, 12, 11, 1, 27.08%, 0, 1, 2, 158.79, 374855
1685717758, 0, 3, 12, 11, 1, 27.08%, 0, 1, 2, 156.64, 375644
1685717763, 0, 3, 12, 11, 1, 27.08%, 0, 1, 2, 156.75, 376463
1685717768, 0, 3, 12, 11, 1, 27.08%, 0, 1, 2, 159.30, 377297
1685717773, 0, 7, 12, 10, 0, 27.08%, 0, 1, 2, 158.82, 378094
1685717779, 0, 7, 12, 10, 0, 27.08%, 0, 1, 2, 157.23, 378923
1685717784, 0, 7, 12, 10, 0, 27.08%, 0, 1, 2, 157.31, 379709
1685717789, 0, 7, 12, 10, 0, 27.08%, 0, 1, 2, 161.26, 380561
1685717794, 0, 7, 12, 10, 0, 27.08%, 0, 1, 2, 161.76, 381401
1685717799, 0, 7, 12, 10, 0, 27.08%, 0, 1, 2, 159.41, 382202
1685717804, 0, 7, 12, 10, 0, 27.08%, 0, 1, 2, 158.35, 383027
1685717809, 0, 7, 12, 10, 0, 27.08%, 0, 1, 2, 161.16, 383837
1685717815, 0, 7, 12, 10, 0, 27.08%, 0, 1, 2, 160.37, 384680
1685717820, 0, 7, 12, 10, 0, 27.08%, 0, 1, 2, 160.85, 385487
1685717825, 0, 7, 12, 10, 0, 27.08%, 0, 1, 2, 162.07, 386339
1685717830, 0, 7, 12, 10, 0, 27.08%, 0, 1, 2, 160.39, 387185
1685717835, 0, 7, 12, 10, 0, 27.08%, 0, 1, 2, 158.65, 388019
1685717840, 0, 7, 12, 10, 0, 27.08%, 0, 1, 2, 159.35, 388820
1685717845, 0, 7, 12, 10, 0, 27.08%, 0, 1, 2, 160.15, 389625
1685717851, 0, 7, 12, 10, 0, 27.08%, 0, 1, 2, 158.87, 390456
1685717856, 0, 7, 12, 10, 0, 27.08%, 0, 1, 2, 160.87, 391266
1685717861, 0, 7, 12, 10, 0, 27.08%, 0, 1, 2, 162.10, 392109
1685717866, 0, 7, 12, 10, 0, 27.08%, 0, 1, 2, 155.35, 392880
1685717871, 0, 7, 12, 10, 0, 27.08%, 0, 1, 2, 157.45, 393714
1685717876, 0, 7, 12, 10, 0, 27.08%, 0, 1, 2, 155.06, 394482
1685717881, 0, 7, 12, 10, 0, 27.08%, 0, 1, 2, 155.96, 395298
1685717886, 0, 7, 12, 10, 0, 27.08%, 0, 1, 2, 160.92, 396108
1685717892, 0, 7, 12, 10, 0, 27.08%, 0, 1, 2, 160.03, 396957
1685717897, 0, 7, 12, 10, 0, 27.08%, 0, 1, 2, 155.00, 397761
1685717902, 0, 7, 12, 10, 0, 27.08%, 0, 1, 2, 154.03, 398568
1685717907, 0, 7, 12, 10, 0, 27.08%, 0, 1, 2, 156.63, 399396
1685717913, 0, 7, 12, 10, 0, 27.08%, 0, 1, 2, 158.61, 400230
1685717918, 0, 7, 12, 10, 0, 27.08%, 0, 1, 2, 156.10, 401007
1685717923, 0, 7, 12, 10, 0, 27.08%, 0, 1, 2, 158.75, 401847
1685717928, 0, 7, 12, 10, 0, 27.08%, 0, 1, 2, 153.40, 402606
1685717933, 0, 7, 12, 10, 0, 27.08%, 0, 1, 2, 161.08, 403467
1685717938, 0, 7, 12, 10, 0, 27.08%, 0, 1, 2, 157.43, 404247
1685717943, 0, 7, 12, 10, 0, 27.08%, 0, 1, 2, 154.55, 405057
1685717949, 0, 7, 12, 10, 0, 27.08%, 0, 1, 2, 156.88, 405879
1685717954, 0, 7, 12, 10, 0, 27.08%, 0, 1, 2, 157.74, 406674
1685717959, 0, 7, 12, 10, 0, 27.08%, 0, 1, 2, 158.66, 407502
1685717964, 0, 7, 12, 10, 0, 27.08%, 0, 1, 2, 158.78, 408294
1685717969, 0, 7, 12, 10, 0, 27.08%, 0, 1, 2, 161.62, 409155
1685717974, 0, 7, 12, 10, 0, 27.08%, 0, 1, 2, 160.12, 409996
1685717979, 0, 7, 12, 10, 0, 27.08%, 0, 1, 2, 161.32, 410809
1685717985, 0, 7, 12, 10, 0, 27.08%, 0, 1, 2, 158.26, 411633
1685717990, 0, 7, 12, 10, 0, 27.08%, 0, 1, 2, 156.04, 412450
1685717995, 0, 7, 12, 10, 0, 27.08%, 0, 1, 2, 160.61, 413254
1685718000, 0, 7, 12, 10, 0, 27.08%, 0, 1, 2, 158.47, 414051
1685718005, 0, 7, 12, 10, 0, 27.08%, 0, 1, 2, 157.86, 414879
1685718010, 0, 7, 12, 10, 0, 27.08%, 0, 1, 2, 157.43, 415698
1685718015, 0, 7, 12, 10, 0, 27.08%, 0, 1, 2, 156.30, 416484
1685718020, 0, 7, 12, 10, 0, 27.08%, 0, 1, 2, 158.92, 417288
1685718026, 0, 7, 12, 10, 0, 27.08%, 0, 1, 2, 161.74, 418143
1685718031, 0, 7, 12, 10, 0, 27.08%, 0, 1, 2, 157.57, 418965
1685718036, 0, 7, 12, 10, 0, 27.08%, 0, 1, 2, 156.27, 419736
1685718041, 0, 7, 12, 10, 0, 27.08%, 0, 1, 2, 156.68, 420528
1685718046, 0, 7, 12, 10, 0, 27.08%, 0, 1, 2, 158.21, 421371
1685718051, 0, 7, 12, 10, 0, 27.08%, 0, 1, 2, 160.00, 422166
1685718056, 0, 7, 12, 10, 0, 27.08%, 0, 1, 2, 157.23, 422991
1685718061, 0, 7, 12, 10, 0, 27.08%, 0, 1, 2, 160.51, 423804
1685718067, 0, 7, 12, 10, 0, 27.08%, 0, 1, 2, 162.82, 424656
1685718072, 0, 7, 12, 10, 0, 27.08%, 0, 1, 2, 160.14, 425484
1685718077, 0, 7, 12, 10, 0, 27.08%, 0, 1, 2, 159.90, 426285
1685718082, 0, 7, 12, 10, 0, 27.08%, 0, 1, 2, 153.38, 427083
1685718087, 0, 7, 12, 10, 0, 27.08%, 0, 1, 2, 154.20, 427881
1685718092, 0, 7, 12, 10, 0, 27.08%, 0, 1, 2, 161.39, 428703
1685718098, 0, 7, 12, 10, 0, 27.08%, 0, 1, 2, 155.41, 429513
1685718103, 0, 7, 12, 10, 0, 27.08%, 0, 1, 2, 158.04, 430350
1685718108, 0, 7, 12, 10, 0, 27.08%, 0, 1, 2, 160.56, 431196
1685718113, 0, 7, 12, 10, 0, 27.08%, 0, 1, 2, 157.09, 431979
1685718118, 0, 7, 12, 10, 0, 27.08%, 0, 1, 2, 160.72, 432783
1685718123, 0, 7, 12, 10, 0, 27.08%, 0, 1, 2, 158.77, 433614
1685718128, 0, 7, 12, 10, 0, 27.08%, 0, 1, 2, 161.81, 434427
1685718133, 0, 7, 12, 10, 0, 27.08%, 0, 1, 2, 154.60, 435198
1685718139, 0, 7, 12, 10, 0, 27.08%, 0, 1, 2, 157.88, 436026
1685718144, 0, 7, 12, 10, 0, 27.08%, 0, 1, 2, 158.45, 436827
1685718149, 0, 7, 12, 10, 0, 27.08%, 0, 1, 2, 159.42, 437622
1685718154, 0, 7, 12, 10, 0, 27.08%, 0, 1, 2, 155.03, 438423
1685718159, 0, 7, 12, 10, 0, 27.08%, 0, 1, 2, 159.42, 439230
1685718164, 0, 7, 12, 10, 0, 27.08%, 0, 1, 2, 162.57, 440079
1685718169, 0, 7, 12, 10, 0, 27.08%, 0, 1, 2, 160.24, 440886
1685718174, 0, 7, 12, 10, 0, 27.08%, 0, 1, 2, 160.65, 441693
1685718179, 0, 7, 12, 10, 0, 27.08%, 0, 1, 2, 162.52, 442548
1685718184, 0, 7, 12, 10, 0, 27.08%, 0, 1, 2, 162.76, 443361
1685718190, 0, 7, 12, 10, 0, 27.08%, 0, 1, 2, 163.66, 444213
1685718195, 0, 7, 12, 10, 0, 27.08%, 0, 1, 2, 163.42, 445038
1685718200, 0, 7, 12, 10, 0, 27.08%, 0, 1, 2, 158.23, 445854
1685718205, 0, 7, 12, 10, 0, 27.08%, 0, 1, 2, 158.83, 446652
1685718210, 0, 7, 12, 10, 0, 27.08%, 0, 1, 2, 157.14, 447483
1685718215, 0, 7, 12, 10, 0, 27.08%, 0, 1, 2, 158.04, 448266
1685718220, 0, 7, 12, 10, 0, 27.08%, 0, 1, 2, 156.23, 449091
1685718226, 0, 7, 12, 10, 0, 27.08%, 0, 1, 2, 158.56, 449922
1685718231, 0, 7, 12, 10, 0, 27.08%, 0, 1, 2, 155.46, 450741
1685718236, 0, 7, 12, 10, 0, 27.08%, 0, 1, 2, 156.10, 451560
1685718241, 0, 7, 12, 10, 0, 27.08%, 0, 1, 2, 156.49, 452349
1685718246, 0, 7, 12, 10, 0, 27.08%, 0, 1, 2, 156.12, 453171
1685718251, 0, 7, 12, 10, 0, 27.08%, 0, 1, 2, 154.12, 453945
1685718257, 0, 7, 12, 10, 0, 27.08%, 0, 1, 2, 154.12, 454761
1685718262, 0, 7, 12, 10, 0, 27.08%, 0, 1, 2, 153.98, 455526
1685718267, 0, 7, 12, 10, 0, 27.08%, 0, 1, 2, 154.23, 456336
1685718272, 0, 7, 12, 10, 0, 27.08%, 0, 1, 2, 156.34, 457125
1685718277, 0, 7, 12, 10, 0, 27.08%, 0, 1, 2, 158.59, 457953
1685718282, 0, 7, 12, 10, 0, 27.08%, 0, 1, 2, 157.13, 458778
1685718288, 0, 7, 12, 10, 0, 27.08%, 0, 1, 2, 157.24, 459609
1685718293, 0, 7, 12, 10, 0, 27.08%, 0, 1, 2, 163.71, 460482
1685718298, 0, 7, 12, 10, 0, 27.08%, 0, 1, 2, 162.72, 461331
1685718303, 0, 7, 12, 10, 0, 27.08%, 0, 1, 2, 163.31, 462183
1685718309, 0, 7, 12, 10, 0, 27.08%, 0, 1, 2, 159.23, 463011
1685718314, 0, 7, 12, 10, 0, 27.08%, 0, 1, 2, 159.21, 463854
1685718319, 0, 7, 12, 10, 0, 27.08%, 0, 1, 2, 160.23, 464664
1685718324, 0, 7, 12, 10, 0, 27.08%, 0, 1, 2, 155.61, 465477
1685718329, 0, 7, 12, 10, 0, 27.08%, 0, 1, 2, 158.82, 466305
1685718334, 0, 7, 12, 10, 0, 27.08%, 0, 1, 2, 158.33, 467100
1685718340, 0, 7, 12, 10, 0, 27.08%, 0, 1, 2, 156.66, 467922
1685718345, 0, 7, 12, 10, 0, 27.08%, 0, 1, 2, 155.35, 468738
1685718350, 0, 7, 12, 10, 0, 27.08%, 0, 1, 2, 158.65, 469575
1685718355, 0, 7, 12, 10, 0, 27.08%, 0, 1, 2, 160.82, 470373
1685718360, 0, 7, 12, 10, 0, 27.08%, 0, 1, 2, 160.33, 471165
1685718365, 0, 7, 12, 10, 0, 27.08%, 0, 1, 2, 157.80, 472005
1685718371, 0, 7, 12, 10, 0, 27.08%, 0, 1, 2, 155.75, 472815
1685718376, 0, 7, 12, 10, 0, 27.08%, 0, 1, 2, 155.30, 473595
1685718381, 0, 7, 12, 10, 0, 27.08%, 0, 1, 2, 159.66, 474429
1685718386, 0, 7, 12, 10, 0, 27.08%, 0, 1, 2, 161.05, 475233
1685718391, 0, 7, 12, 10, 0, 27.08%, 0, 1, 2, 164.32, 476061
1685718396, 0, 7, 12, 10, 0, 27.08%, 0, 1, 2, 159.36, 476892
1685718401, 0, 7, 12, 10, 0, 27.08%, 0, 1, 2, 158.00, 477720
1685718406, 0, 7, 12, 10, 0, 27.08%, 0, 1, 2, 159.75, 478512
1685718412, 0, 7, 12, 10, 0, 27.08%, 0, 1, 2, 159.36, 479340
1685718417, 0, 7, 12, 10, 0, 27.08%, 0, 1, 2, 150.45, 480129
1685718422, 0, 7, 12, 10, 0, 27.08%, 0, 1, 2, 154.89, 480939
1685718427, 0, 7, 12, 10, 0, 27.08%, 0, 1, 2, 154.98, 481758
1685718433, 0, 7, 12, 10, 0, 27.08%, 0, 1, 2, 159.34, 482607
1685718438, 0, 7, 12, 10, 0, 27.08%, 0, 1, 2, 156.05, 483411
1685718443, 0, 7, 12, 10, 0, 27.08%, 0, 1, 2, 158.89, 484245
1685718448, 0, 7, 12, 10, 0, 27.08%, 0, 1, 2, 157.19, 485067
1685718454, 0, 7, 12, 10, 0, 27.08%, 0, 1, 2, 104.71, 485512
1685718459, 0, 7, 12, 10, 0, 27.08%, 0, 1, 2, 228.65, 486966
1685718464, 0, 7, 12, 10, 0, 27.08%, 0, 1, 2, 179.36, 487772
1685718469, 0, 7, 12, 10, 0, 27.08%, 0, 1, 2, 162.96, 488594
1685718474, 0, 7, 12, 10, 0, 27.08%, 0, 1, 2, 160.83, 489395
1685718479, 0, 7, 12, 10, 0, 27.08%, 0, 1, 2, 158.67, 490223
1685718484, 0, 7, 12, 10, 0, 27.08%, 0, 1, 2, 158.50, 491060
1685718490, 0, 7, 12, 10, 0, 27.08%, 0, 1, 2, 161.19, 491915
1685718495, 0, 7, 12, 10, 0, 27.08%, 0, 1, 2, 137.92, 492622
1685718500, 0, 7, 12, 10, 0, 27.08%, 0, 1, 2, 15.20, 493054
1685718505, 0, 7, 12, 10, 0, 27.08%, 0, 1, 2, 11.80, 493110
1685718510, 0, 7, 12, 10, 0, 27.08%, 0, 1, 2, 10.58, 493166
1685718516, 0, 7, 12, 10, 0, 27.08%, 0, 1, 2, 10.15, 493222
1685718521, 0, 7, 12, 10, 0, 27.08%, 0, 1, 2, 9.99, 493278
1685718526, 0, 7, 12, 10, 0, 27.08%, 0, 1, 2, 9.93, 493334
1685718531, 0, 7, 12, 10, 0, 27.08%, 0, 1, 2, 10.22, 493390
1685718536, 0, 7, 12, 10, 0, 27.08%, 0, 1, 2, 315.45, 494906
1685718542, 0, 7, 12, 10, 0, 27.08%, 0, 1, 2, 325.02, 496574
1685718547, 0, 7, 12, 10, 0, 27.08%, 0, 1, 2, 317.40, 498176
1685718552, 0, 7, 12, 10, 0, 27.08%, 0, 1, 2, 312.66, 499748
1685718557, 0, 7, 12, 10, 0, 27.08%, 0, 1, 2, 316.57, 501398
1685718562, 0, 7, 12, 10, 0, 27.08%, 0, 1, 2, 320.92, 503018
1685718567, 0, 7, 12, 10, 0, 27.08%, 0, 1, 2, 303.16, 504530
1685718572, 0, 7, 12, 10, 0, 27.08%, 0, 1, 2, 319.08, 506168
1685718577, 0, 7, 12, 10, 0, 27.08%, 0, 1, 2, 322.94, 507824
1685718582, 0, 7, 12, 10, 0, 27.08%, 0, 1, 2, 323.16, 509462
1685718587, 0, 7, 12, 10, 0, 27.08%, 0, 1, 2, 317.57, 511058
1685718592, 0, 7, 12, 10, 0, 27.08%, 0, 1, 2, 227.71, 512230
1685718598, 0, 7, 12, 10, 0, 27.08%, 0, 1, 2, 177.84, 513071
1685718603, 0, 7, 12, 10, 0, 27.08%, 0, 1, 2, 157.50, 513869
1685718608, 0, 7, 12, 10, 0, 27.08%, 0, 1, 2, 155.22, 514631
1685718613, 0, 7, 12, 10, 0, 27.08%, 0, 1, 2, 152.02, 515390
1685718618, 0, 7, 12, 10, 0, 27.08%, 0, 1, 2, 159.37, 516227
1685718623, 0, 7, 12, 10, 0, 27.08%, 0, 1, 2, 161.60, 517076
1685718628, 0, 7, 12, 10, 0, 27.08%, 0, 1, 2, 166.10, 517916
1685718634, 0, 7, 12, 10, 0, 27.08%, 0, 1, 2, 156.45, 518720
1685718639, 0, 7, 12, 10, 0, 27.08%, 0, 1, 2, 161.74, 519539
1685718644, 0, 7, 12, 10, 0, 27.08%, 0, 1, 2, 162.55, 520382
1685718649, 0, 7, 12, 10, 0, 27.08%, 0, 1, 2, 161.21, 521192
1685718654, 0, 7, 12, 10, 0, 27.08%, 0, 1, 2, 159.29, 522020
1685718659, 0, 7, 12, 10, 0, 27.08%, 0, 1, 2, 161.91, 522875
1685718664, 0, 7, 12, 10, 0, 27.08%, 0, 1, 2, 159.91, 523664
1685718669, 0, 7, 12, 10, 0, 27.08%, 0, 1, 2, 159.88, 524462
1685718675, 0, 7, 12, 10, 0, 27.08%, 0, 1, 2, 157.53, 525275
1685718680, 0, 7, 12, 10, 0, 27.08%, 0, 1, 2, 160.48, 526121
1685718685, 0, 7, 12, 10, 0, 27.08%, 0, 1, 2, 164.37, 526991
1685718690, 0, 7, 12, 10, 0, 27.08%, 0, 1, 2, 132.74, 527670
1685718695, 0, 7, 12, 10, 0, 27.08%, 0, 1, 2, 120.73, 528244
1685718700, 0, 7, 12, 10, 0, 27.08%, 0, 1, 2, 11.42, 528369
1685718706, 0, 7, 12, 10, 0, 27.08%, 0, 1, 2, 9.84, 528414
1685718711, 0, 7, 12, 10, 0, 27.08%, 0, 1, 2, 9.21, 528459
1685718716, 0, 7, 12, 10, 0, 27.08%, 0, 1, 2, 8.94, 528504
1685718721, 0, 7, 12, 10, 0, 27.08%, 0, 1, 2, 8.79, 528549
1685718727, 0, 7, 12, 10, 0, 27.08%, 0, 1, 2, 8.86, 528595
1685718732, 0, 7, 12, 10, 0, 27.08%, 0, 1, 2, 8.77, 528640
1685718737, 0, 7, 12, 10, 0, 27.08%, 0, 1, 2, 8.68, 528685
1685718742, 0, 7, 12, 10, 0, 27.08%, 0, 1, 2, 8.80, 528731
1685718747, 0, 7, 12, 10, 0, 27.08%, 0, 1, 2, 8.70, 528776
1685718753, 0, 7, 12, 10, 0, 27.08%, 0, 1, 2, 8.63, 528821
1685718758, 0, 7, 12, 10, 0, 27.08%, 0, 1, 2, 8.56, 528866
1685718763, 0, 7, 12, 10, 0, 27.08%, 0, 1, 2, 216.81, 529768
1685718768, 0, 7, 12, 10, 0, 27.08%, 0, 1, 2, 305.81, 531454
1685718773, 0, 7, 12, 10, 0, 27.08%, 0, 1, 2, 323.96, 533146
1685718778, 0, 7, 12, 10, 0, 27.08%, 0, 1, 2, 325.57, 534784
1685718784, 0, 7, 12, 10, 0, 27.08%, 0, 1, 2, 331.37, 536512
1685718789, 0, 7, 12, 10, 0, 27.08%, 0, 1, 2, 332.84, 538192
1685718794, 0, 7, 12, 10, 0, 27.08%, 0, 1, 2, 333.14, 539860
1685718799, 0, 7, 12, 10, 0, 27.08%, 0, 1, 2, 326.18, 541492
1685718804, 0, 7, 12, 10, 0, 27.08%, 0, 1, 2, 335.10, 543178
1685718809, 0, 7, 12, 10, 0, 27.08%, 0, 1, 2, 330.16, 544828
1685718814, 0, 7, 12, 10, 0, 27.08%, 0, 1, 2, 329.76, 546484
1685718819, 0, 7, 12, 10, 0, 27.08%, 0, 1, 2, 327.88, 548146
1685718824, 0, 7, 12, 10, 0, 27.08%, 0, 1, 2, 332.34, 549874
1685718829, 0, 7, 12, 10, 0, 27.08%, 0, 1, 2, 323.06, 551506
1685718834, 0, 7, 12, 10, 0, 27.08%, 0, 1, 2, 332.66, 553252
1685718839, 0, 7, 12, 10, 0, 27.08%, 0, 1, 2, 336.89, 554986
1685718845, 0, 7, 12, 10, 0, 27.08%, 0, 1, 2, 327.60, 556690
1685718850, 0, 7, 12, 10, 0, 27.08%, 0, 1, 2, 328.03, 558388
1685718855, 0, 7, 12, 10, 0, 27.08%, 0, 1, 2, 330.87, 560056
1685718860, 0, 7, 12, 10, 0, 27.08%, 0, 1, 2, 330.88, 561706
1685718865, 0, 7, 12, 10, 0, 27.08%, 0, 1, 2, 329.74, 563434
1685718870, 0, 7, 12, 10, 0, 27.08%, 0, 1, 2, 321.42, 565060
1685718875, 0, 7, 12, 10, 0, 27.08%, 0, 1, 2, 325.52, 566704
1685718880, 0, 7, 12, 10, 0, 27.08%, 0, 1, 2, 212.14, 567688
1685718886, 0, 7, 12, 10, 0, 27.08%, 0, 1, 2, 169.16, 568504
1685718891, 0, 7, 12, 10, 0, 27.08%, 0, 1, 2, 161.66, 569341
1685718896, 0, 7, 12, 10, 0, 27.08%, 0, 1, 2, 159.39, 570133
1685718901, 0, 7, 12, 10, 0, 27.08%, 0, 1, 2, 156.40, 570943
1685718906, 0, 7, 12, 10, 0, 27.08%, 0, 1, 2, 159.58, 571777
1685718911, 0, 7, 12, 10, 0, 27.08%, 0, 1, 2, 160.90, 572587
1685718916, 0, 7, 12, 10, 0, 27.08%, 0, 1, 2, 161.35, 573397
1685718922, 0, 7, 12, 10, 0, 27.08%, 0, 1, 2, 166.05, 574273
1685718927, 0, 7, 12, 10, 0, 27.08%, 0, 1, 2, 160.35, 575104
1685718932, 0, 7, 12, 10, 0, 27.08%, 0, 1, 2, 159.97, 575908
1685718937, 0, 7, 12, 10, 0, 27.08%, 0, 1, 2, 157.34, 576688
1685718942, 0, 7, 12, 10, 0, 27.08%, 0, 1, 2, 160.65, 577525
1685718947, 0, 7, 12, 10, 0, 27.08%, 0, 1, 2, 160.20, 578365
1685718953, 0, 7, 12, 10, 0, 27.08%, 0, 1, 2, 161.72, 579208
1685718958, 0, 7, 12, 10, 0, 27.08%, 0, 1, 2, 165.60, 580090
1685718963, 0, 7, 12, 10, 0, 27.08%, 0, 1, 2, 162.99, 580906
1685718968, 0, 7, 12, 10, 0, 27.08%, 0, 1, 2, 162.79, 581752
1685718973, 0, 7, 12, 10, 0, 27.08%, 0, 1, 2, 161.38, 582551
1685718978, 0, 9, 12, 9, 0, 27.08%, 0, 1, 2, 165.28, 583427
1685718984, 0, 9, 12, 9, 0, 27.08%, 0, 1, 2, 163.09, 584279
1685718989, 0, 9, 12, 9, 0, 27.08%, 0, 1, 2, 158.96, 585068
1685718994, 0, 9, 12, 9, 0, 27.08%, 0, 1, 2, 161.91, 585920
1685718999, 0, 9, 12, 9, 0, 27.08%, 0, 1, 2, 162.84, 586733
1685719004, 0, 9, 12, 9, 0, 27.08%, 0, 1, 2, 163.03, 587591
1685719009, 0, 9, 12, 9, 0, 27.08%, 0, 1, 2, 162.08, 588398
1685719014, 0, 9, 12, 9, 0, 27.08%, 0, 1, 2, 164.94, 589229
1685719019, 0, 9, 12, 9, 0, 27.08%, 0, 1, 2, 161.15, 590030
1685719024, 0, 9, 12, 9, 0, 27.08%, 0, 1, 2, 157.69, 590861
1685719030, 0, 9, 12, 9, 0, 27.08%, 0, 1, 2, 163.58, 591728
1685719035, 0, 9, 12, 9, 0, 27.08%, 0, 1, 2, 163.95, 592586
1685719040, 0, 9, 12, 9, 0, 27.08%, 0, 1, 2, 165.10, 593417
1685719045, 0, 9, 12, 9, 0, 27.08%, 0, 1, 2, 162.27, 594264
1685719050, 0, 9, 12, 9, 0, 27.08%, 0, 1, 2, 166.28, 595146
1685719056, 0, 9, 12, 9, 0, 27.08%, 0, 1, 2, 160.33, 595977
1685719061, 0, 9, 12, 9, 0, 27.08%, 0, 1, 2, 161.71, 596820
1685719066, 0, 9, 12, 9, 0, 27.08%, 0, 1, 2, 160.10, 597651
1685719071, 0, 9, 12, 9, 0, 27.08%, 0, 1, 2, 160.14, 598449
1685719076, 0, 9, 12, 9, 0, 27.08%, 0, 1, 2, 161.44, 599298
1685719081, 0, 9, 12, 9, 0, 27.08%, 0, 1, 2, 162.15, 600114
1685719087, 0, 9, 12, 9, 0, 27.08%, 0, 1, 2, 161.23, 600957
1685719092, 0, 9, 12, 9, 0, 27.08%, 0, 1, 2, 161.12, 601758
1685719097, 0, 9, 12, 9, 0, 27.08%, 0, 1, 2, 159.76, 602589
1685719102, 0, 9, 12, 9, 0, 27.08%, 0, 1, 2, 159.00, 603429
1685719107, 0, 9, 12, 9, 0, 27.08%, 0, 1, 2, 163.04, 604293
1685719112, 0, 9, 12, 9, 0, 27.08%, 0, 1, 2, 158.46, 605082
1685719117, 0, 9, 12, 9, 0, 27.08%, 0, 1, 2, 160.23, 605883
1685719123, 0, 9, 12, 9, 0, 27.08%, 0, 1, 2, 162.40, 606738
1685719128, 0, 9, 12, 9, 0, 27.08%, 0, 1, 2, 160.11, 607578
1685719133, 0, 9, 12, 9, 0, 27.08%, 0, 1, 2, 158.22, 608367
1685719138, 0, 9, 12, 9, 0, 27.08%, 0, 1, 2, 158.30, 609165
1685719143, 0, 9, 12, 9, 0, 27.08%, 0, 1, 2, 159.22, 610002
1685719148, 0, 9, 12, 9, 0, 27.08%, 0, 1, 2, 157.67, 610791
1685719153, 0, 9, 12, 9, 0, 27.08%, 0, 1, 2, 155.43, 611568
1685719158, 0, 9, 12, 9, 0, 27.08%, 0, 1, 2, 155.11, 612387
1685719163, 0, 9, 12, 9, 0, 27.08%, 0, 1, 2, 162.58, 613212
1685719168, 0, 9, 12, 9, 0, 27.08%, 0, 1, 2, 165.89, 614052
1685719173, 0, 9, 12, 9, 0, 27.08%, 0, 1, 2, 157.59, 614830
1685719179, 0, 9, 12, 9, 0, 27.08%, 0, 1, 2, 152.36, 615612
1685719184, 0, 9, 12, 9, 0, 27.08%, 0, 1, 2, 157.65, 616449
1685719189, 0, 9, 12, 9, 0, 27.08%, 0, 1, 2, 162.65, 617302
1685719194, 0, 9, 12, 9, 0, 27.08%, 0, 1, 2, 164.93, 618177
1685719200, 0, 9, 12, 9, 0, 27.08%, 0, 1, 2, 163.85, 619032
1685719205, 0, 9, 12, 9, 0, 27.08%, 0, 1, 2, 159.35, 619818
1685719210, 0, 9, 12, 9, 0, 27.08%, 0, 1, 2, 159.49, 620661
1685719215, 0, 9, 12, 9, 0, 27.08%, 0, 1, 2, 159.59, 621501
1685719220, 0, 9, 12, 9, 0, 27.08%, 0, 1, 2, 159.74, 622305
1685719225, 0, 9, 12, 9, 0, 27.08%, 0, 1, 2, 161.97, 623169
1685719230, 0, 9, 12, 9, 0, 27.08%, 0, 1, 2, 160.25, 623973
1685719236, 0, 9, 12, 9, 0, 27.08%, 0, 1, 2, 160.29, 624807
1685719241, 0, 9, 12, 9, 0, 27.08%, 0, 1, 2, 162.21, 625653
1685719246, 0, 9, 12, 9, 0, 27.08%, 0, 1, 2, 168.17, 626508
1685719251, 0, 9, 12, 9, 0, 27.08%, 0, 1, 2, 163.40, 627321
1685719256, 0, 9, 12, 9, 0, 27.08%, 0, 1, 2, 160.12, 628158
1685719261, 0, 9, 12, 9, 0, 27.08%, 0, 1, 2, 161.84, 629001
1685719266, 0, 9, 12, 9, 0, 27.08%, 0, 1, 2, 157.65, 629784
1685719272, 0, 9, 12, 9, 0, 27.08%, 0, 1, 2, 160.88, 630621
1685719277, 0, 9, 12, 9, 0, 27.08%, 0, 1, 2, 159.76, 631455
1685719282, 0, 9, 12, 9, 0, 27.08%, 0, 1, 2, 160.89, 632265
1685719287, 0, 9, 12, 9, 0, 27.08%, 0, 1, 2, 159.55, 633102
1685719292, 0, 9, 12, 9, 0, 27.08%, 0, 1, 2, 160.98, 633954
1685719298, 0, 9, 12, 9, 0, 27.08%, 0, 1, 2, 154.93, 634755
1685719303, 0, 9, 12, 9, 0, 27.08%, 0, 1, 2, 160.17, 635562
1685719308, 0, 9, 12, 9, 0, 27.08%, 0, 1, 2, 157.93, 636384
1685719313, 0, 9, 12, 9, 0, 27.08%, 0, 1, 2, 158.90, 637179
1685719318, 0, 9, 12, 9, 0, 27.08%, 0, 1, 2, 156.47, 637995
1685719323, 0, 9, 12, 9, 0, 27.08%, 0, 1, 2, 157.12, 638823
1685719328, 0, 9, 12, 9, 0, 27.08%, 0, 1, 2, 161.69, 639639
1685719333, 0, 9, 12, 9, 0, 27.08%, 0, 1, 2, 155.62, 640407
1685719339, 0, 9, 12, 9, 0, 27.08%, 0, 1, 2, 157.88, 641238
1685719344, 0, 9, 12, 9, 0, 27.08%, 0, 1, 2, 162.95, 642057
1685719349, 0, 9, 12, 9, 0, 27.08%, 0, 1, 2, 165.91, 642930
1685719354, 0, 9, 12, 9, 0, 27.08%, 0, 1, 2, 164.09, 643794
1685719359, 0, 9, 12, 9, 0, 27.08%, 0, 1, 2, 165.95, 644664
1685719365, 0, 9, 12, 9, 0, 27.08%, 0, 1, 2, 162.37, 645510
1685719370, 0, 9, 12, 9, 0, 27.08%, 0, 1, 2, 163.85, 646374
1685719375, 0, 9, 12, 9, 0, 27.08%, 0, 1, 2, 163.97, 647196
1685719380, 0, 9, 12, 9, 0, 27.08%, 0, 1, 2, 164.15, 648054
1685719385, 0, 9, 12, 9, 0, 27.08%, 0, 1, 2, 159.71, 648876
1685719390, 0, 9, 12, 9, 0, 27.08%, 0, 1, 2, 164.59, 649707
1685719396, 0, 9, 12, 9, 0, 27.08%, 0, 1, 2, 166.24, 650577
1685719401, 0, 9, 12, 9, 0, 27.08%, 0, 1, 2, 163.56, 651384
1685719406, 0, 9, 12, 9, 0, 27.08%, 0, 1, 2, 161.29, 652224
1685719411, 0, 9, 12, 9, 0, 27.08%, 0, 1, 2, 164.26, 653049
1685719416, 0, 9, 12, 9, 0, 27.08%, 0, 1, 2, 161.23, 653898
1685719421, 0, 9, 12, 9, 0, 27.08%, 0, 1, 2, 165.16, 654768
1685719427, 0, 9, 12, 9, 0, 27.08%, 0, 1, 2, 161.80, 655614
1685719432, 0, 9, 12, 9, 0, 27.08%, 0, 1, 2, 156.59, 656394
1685719437, 0, 9, 12, 9, 0, 27.08%, 0, 1, 2, 156.99, 657219
1685719442, 0, 9, 12, 9, 0, 27.08%, 0, 1, 2, 160.40, 658026
1685719447, 0, 9, 12, 9, 0, 27.08%, 0, 1, 2, 159.41, 658857
1685719452, 0, 9, 12, 9, 0, 27.08%, 0, 1, 2, 164.13, 659718
1685719457, 0, 9, 12, 9, 0, 27.08%, 0, 1, 2, 160.43, 660525
1685719463, 0, 9, 12, 9, 0, 27.08%, 0, 1, 2, 159.02, 661359
1685719468, 0, 9, 12, 9, 0, 27.08%, 0, 1, 2, 159.62, 662160
1685719473, 0, 9, 12, 9, 0, 27.08%, 0, 1, 2, 157.37, 662988
1685719478, 0, 9, 12, 9, 0, 27.08%, 0, 1, 2, 162.17, 663807
1685719483, 0, 9, 12, 9, 0, 27.08%, 0, 1, 2, 160.72, 664614
1685719488, 0, 9, 12, 9, 0, 27.08%, 0, 1, 2, 161.84, 665424
1685719493, 0, 9, 12, 9, 0, 27.08%, 0, 1, 2, 159.26, 666249
1685719498, 0, 9, 12, 9, 0, 27.08%, 0, 1, 2, 161.49, 667068
1685719503, 0, 9, 12, 9, 0, 27.08%, 0, 1, 2, 163.93, 667932
1685719508, 0, 9, 12, 9, 0, 27.08%, 0, 1, 2, 163.55, 668757
1685719513, 0, 9, 12, 9, 0, 27.08%, 0, 1, 2, 162.26, 669570
1685719519, 0, 9, 12, 9, 0, 27.08%, 0, 1, 2, 159.95, 670407
1685719524, 0, 9, 12, 9, 0, 27.08%, 0, 1, 2, 159.52, 671250
1685719529, 0, 9, 12, 9, 0, 27.08%, 0, 1, 2, 158.35, 672045
1685719534, 0, 9, 12, 9, 0, 27.08%, 0, 1, 2, 160.36, 672885
1685719539, 0, 9, 12, 9, 0, 27.08%, 0, 1, 2, 163.19, 673746
1685719545, 0, 9, 12, 9, 0, 27.08%, 0, 1, 2, 162.24, 674592
1685719550, 0, 9, 12, 9, 0, 27.08%, 0, 1, 2, 164.76, 675417
1685719555, 0, 9, 12, 9, 0, 27.08%, 0, 1, 2, 160.38, 676251
1685719560, 0, 9, 12, 9, 0, 27.08%, 0, 1, 2, 160.15, 677055
1685719565, 0, 9, 12, 9, 0, 27.08%, 0, 1, 2, 161.84, 677907
1685719570, 0, 9, 12, 9, 0, 27.08%, 0, 1, 2, 166.05, 678783
1685719575, 0, 9, 12, 9, 0, 27.08%, 0, 1, 2, 165.74, 679608
1685719581, 0, 9, 12, 9, 0, 27.08%, 0, 1, 2, 164.67, 680469
1685719586, 0, 9, 12, 9, 0, 27.08%, 0, 1, 2, 161.64, 681312
1685719591, 0, 9, 12, 9, 0, 27.08%, 0, 1, 2, 160.09, 682152
1685719596, 0, 9, 12, 9, 0, 27.08%, 0, 1, 2, 162.18, 683016
1685719601, 0, 9, 12, 9, 0, 27.08%, 0, 1, 2, 166.28, 683850
1685719607, 0, 9, 12, 9, 0, 27.08%, 0, 1, 2, 166.30, 684720
1685719612, 0, 9, 12, 9, 0, 27.08%, 0, 1, 2, 166.76, 685557
1685719617, 0, 9, 12, 9, 0, 27.08%, 0, 1, 2, 159.25, 686382
1685719622, 0, 9, 12, 9, 0, 27.08%, 0, 1, 2, 162.23, 687234
1685719627, 0, 9, 12, 9, 0, 27.08%, 0, 1, 2, 160.90, 688075
1685719632, 0, 9, 12, 9, 0, 27.08%, 0, 1, 2, 164.82, 688900
1685719638, 0, 9, 12, 9, 0, 27.08%, 0, 1, 2, 159.34, 689734
1685719643, 0, 9, 12, 9, 0, 27.08%, 0, 1, 2, 124.15, 690362
1685719648, 0, 9, 12, 9, 0, 27.08%, 0, 1, 2, 240.04, 691610
1685719653, 0, 9, 12, 9, 0, 27.08%, 0, 1, 2, 178.71, 692437
1685719658, 0, 9, 12, 9, 0, 27.08%, 0, 1, 2, 165.26, 693241
1685719663, 0, 9, 12, 9, 0, 27.08%, 0, 1, 2, 163.33, 694090
1685719668, 0, 9, 12, 9, 0, 27.08%, 0, 1, 2, 160.96, 694891
1685719673, 0, 9, 12, 9, 0, 27.08%, 0, 1, 2, 161.48, 695698
1685719679, 0, 9, 12, 9, 0, 27.08%, 0, 1, 2, 159.62, 696532
1685719684, 0, 9, 12, 9, 0, 27.08%, 0, 1, 2, 155.28, 697313
1685719689, 0, 9, 12, 9, 0, 27.08%, 0, 1, 2, 14.46, 697863
1685719694, 0, 9, 12, 9, 0, 27.08%, 0, 1, 2, 12.20, 697922
1685719699, 0, 9, 12, 9, 0, 27.08%, 0, 1, 2, 11.27, 697978
1685719704, 0, 9, 12, 9, 0, 27.08%, 0, 1, 2, 11.11, 698034
1685719709, 0, 9, 12, 9, 0, 27.08%, 0, 1, 2, 11.11, 698090
1685719714, 0, 9, 12, 9, 0, 27.08%, 0, 1, 2, 11.11, 698146
1685719719, 0, 9, 12, 9, 0, 27.08%, 0, 1, 2, 10.92, 698202
1685719724, 0, 9, 12, 9, 0, 27.08%, 0, 1, 2, 339.37, 699479
1685719729, 0, 9, 12, 9, 0, 27.08%, 0, 1, 2, 331.57, 701171
1685719734, 0, 9, 12, 9, 0, 27.08%, 0, 1, 2, 333.63, 702827
1685719740, 0, 9, 12, 9, 0, 27.08%, 0, 1, 2, 325.18, 704513
1685719745, 0, 9, 12, 9, 0, 27.08%, 0, 1, 2, 331.00, 706229
1685719750, 0, 9, 12, 9, 0, 27.08%, 0, 1, 2, 327.13, 707891
1685719755, 0, 9, 12, 9, 0, 27.08%, 0, 1, 2, 336.30, 709637
1685719760, 0, 9, 12, 9, 0, 27.08%, 0, 1, 2, 331.33, 711365
1685719766, 0, 9, 12, 9, 0, 27.08%, 0, 1, 2, 325.85, 713069
1685719771, 0, 9, 12, 9, 0, 27.08%, 0, 1, 2, 324.81, 714743
1685719776, 0, 9, 12, 9, 0, 27.08%, 0, 1, 2, 324.00, 716375
1685719781, 0, 9, 12, 9, 0, 27.08%, 0, 1, 2, 235.88, 717589
1685719786, 0, 9, 12, 9, 0, 27.08%, 0, 1, 2, 178.67, 718424
1685719791, 0, 9, 12, 9, 0, 27.08%, 0, 1, 2, 167.04, 719276
1685719797, 0, 9, 12, 9, 0, 27.08%, 0, 1, 2, 163.09, 720134
1685719802, 0, 9, 12, 9, 0, 27.08%, 0, 1, 2, 162.10, 720953
1685719807, 0, 9, 12, 9, 0, 27.08%, 0, 1, 2, 164.32, 721823
1685719812, 0, 9, 12, 9, 0, 27.08%, 0, 1, 2, 164.00, 722687
1685719817, 0, 9, 12, 9, 0, 27.08%, 0, 1, 2, 164.32, 723545
1685719823, 0, 9, 12, 9, 0, 27.08%, 0, 1, 2, 159.02, 724376
1685719828, 0, 9, 12, 9, 0, 27.08%, 0, 1, 2, 164.82, 725252
1685719833, 0, 9, 12, 9, 0, 27.08%, 0, 1, 2, 163.45, 726068
1685719838, 0, 9, 12, 9, 0, 27.08%, 0, 1, 2, 163.77, 726920
1685719843, 0, 9, 12, 9, 0, 27.08%, 0, 1, 2, 158.01, 727745
1685719849, 0, 9, 12, 9, 0, 27.08%, 0, 1, 2, 159.38, 728588
1685719854, 0, 9, 12, 9, 0, 27.08%, 0, 1, 2, 157.13, 729410
1685719859, 0, 9, 12, 9, 0, 27.08%, 0, 1, 2, 160.68, 730220
1685719864, 0, 9, 12, 9, 0, 27.08%, 0, 1, 2, 161.18, 731060
1685719869, 0, 9, 12, 9, 0, 27.08%, 0, 1, 2, 161.21, 731876
1685719874, 0, 9, 12, 9, 0, 27.08%, 0, 1, 2, 131.40, 732510
1685719879, 0, 9, 12, 9, 0, 27.08%, 0, 1, 2, 15.47, 732997
1685719884, 0, 9, 12, 9, 0, 27.08%, 0, 1, 2, 11.69, 733050
1685719889, 0, 9, 12, 9, 0, 27.08%, 0, 1, 2, 10.11, 733098
1685719895, 0, 9, 12, 9, 0, 27.08%, 0, 1, 2, 9.10, 733143
1685719900, 0, 9, 12, 9, 0, 27.08%, 0, 1, 2, 8.76, 733188
1685719905, 0, 9, 12, 9, 0, 27.08%, 0, 1, 2, 8.69, 733234
1685719910, 0, 9, 12, 9, 0, 27.08%, 0, 1, 2, 8.54, 733279
1685719915, 0, 9, 12, 9, 0, 27.08%, 0, 1, 2, 8.40, 733324
1685719920, 0, 9, 12, 9, 0, 27.08%, 0, 1, 2, 8.73, 733373
1685719926, 0, 9, 12, 9, 0, 27.08%, 0, 2, 2, 8.26, 733413
1685719931, 0, 9, 12, 9, 0, 27.08%, 0, 2, 2, 8.81, 733462
1685719936, 0, 9, 12, 9, 0, 27.08%, 0, 2, 2, 8.68, 733507
1685719941, 0, 9, 12, 9, 0, 27.08%, 0, 2, 2, 345.00, 733621
1685719946, 0, 9, 12, 9, 0, 27.08%, 0, 2, 2, 332.20, 735293
1685719951, 0, 9, 12, 9, 0, 27.08%, 0, 2, 2, 325.91, 736979
1685719956, 0, 9, 12, 9, 0, 27.08%, 0, 2, 2, 322.99, 738617
1685719961, 0, 9, 12, 9, 0, 27.08%, 0, 2, 2, 328.46, 740315
1685719966, 0, 9, 12, 9, 0, 27.08%, 0, 2, 2, 335.84, 741989
1685719972, 0, 9, 12, 9, 0, 27.08%, 0, 2, 2, 331.68, 743711
1685719977, 0, 9, 12, 9, 0, 27.08%, 0, 2, 2, 332.86, 745397
1685719982, 0, 9, 12, 9, 0, 27.08%, 0, 2, 2, 325.85, 747077
1685719987, 0, 9, 12, 9, 0, 27.08%, 0, 2, 2, 330.62, 748745
1685719992, 0, 9, 12, 9, 0, 27.08%, 0, 2, 2, 330.96, 750479
1685719997, 0, 9, 12, 9, 0, 27.08%, 0, 2, 2, 334.97, 752195
1685720002, 0, 9, 12, 9, 0, 27.08%, 0, 2, 2, 335.78, 753953
1685720008, 0, 9, 12, 9, 0, 27.08%, 0, 2, 2, 327.49, 755651
1685720013, 0, 9, 12, 9, 0, 27.08%, 0, 2, 2, 329.88, 757307
1685720018, 0, 9, 12, 9, 0, 27.08%, 0, 2, 2, 331.74, 759023
1685720023, 0, 9, 12, 9, 0, 27.08%, 0, 2, 2, 331.29, 760727
1685720028, 0, 9, 12, 9, 0, 27.08%, 0, 2, 2, 335.15, 762419
1685720033, 0, 9, 12, 9, 0, 27.08%, 0, 2, 2, 331.06, 764075
1685720038, 0, 9, 12, 9, 0, 27.08%, 0, 2, 2, 336.61, 765815
1685720043, 0, 9, 12, 9, 0, 27.08%, 0, 2, 2, 327.47, 767519
1685720049, 0, 9, 12, 9, 0, 27.08%, 0, 2, 2, 327.34, 769211
1685720054, 0, 9, 12, 9, 0, 27.08%, 0, 2, 2, 223.63, 770287
1685720059, 0, 9, 12, 9, 0, 27.08%, 0, 2, 2, 177.65, 771092
1685720064, 0, 9, 12, 9, 0, 27.08%, 0, 2, 2, 163.76, 771884
1685720069, 0, 9, 12, 9, 0, 27.08%, 0, 2, 2, 159.53, 772709
1685720074, 0, 9, 12, 9, 0, 27.08%, 0, 2, 2, 158.92, 773543
1685720079, 0, 9, 12, 9, 0, 27.08%, 0, 2, 2, 158.62, 774374
1685720085, 0, 9, 12, 9, 0, 27.08%, 0, 2, 2, 157.92, 775202
1685720090, 0, 9, 12, 9, 0, 27.08%, 0, 2, 2, 161.32, 776057
1685720095, 0, 9, 12, 9, 0, 27.08%, 0, 2, 2, 158.67, 776846
1685720100, 0, 9, 12, 9, 0, 27.08%, 0, 2, 2, 161.65, 777698
1685720105, 0, 9, 12, 9, 0, 27.08%, 0, 2, 2, 162.04, 778505
1685720110, 0, 9, 12, 9, 0, 27.08%, 0, 2, 2, 162.75, 779366
1685720116, 0, 9, 12, 9, 0, 27.08%, 0, 2, 2, 161.40, 780215
1685720121, 0, 9, 12, 9, 0, 27.08%, 0, 2, 2, 160.00, 781055
1685720126, 0, 9, 12, 9, 0, 27.08%, 0, 2, 2, 159.00, 781850
1685720131, 0, 9, 12, 9, 0, 27.08%, 0, 2, 2, 160.71, 782699
1685720136, 0, 9, 12, 9, 0, 27.08%, 0, 2, 2, 159.67, 783500
1685720141, 0, 9, 12, 9, 0, 27.08%, 0, 2, 2, 164.14, 784361
1685720147, 0, 9, 12, 9, 0, 27.08%, 0, 2, 2, 162.49, 785210
1685720152, 0, 9, 12, 9, 0, 27.08%, 0, 2, 2, 161.26, 786059
1685720157, 0, 9, 12, 9, 0, 27.08%, 0, 2, 2, 161.52, 786869
1685720162, 1, 2, 12, 8, 0, 27.08%, 0, 2, 2, 169.30, 787776
1685720167, 1, 2, 12, 8, 0, 27.08%, 0, 2, 2, 164.93, 788628
1685720173, 1, 2, 12, 8, 0, 27.08%, 0, 2, 2, 160.17, 789468
1685720178, 1, 2, 12, 8, 0, 27.08%, 0, 2, 2, 159.92, 790275
1685720183, 1, 2, 12, 8, 0, 27.08%, 0, 2, 2, 161.53, 791121
1685720188, 1, 2, 12, 8, 0, 27.08%, 0, 2, 2, 165.16, 791988
1685720193, 1, 2, 12, 8, 0, 27.08%, 0, 2, 2, 160.47, 792786
1685720198, 1, 2, 12, 8, 0, 27.08%, 0, 2, 2, 163.55, 793650
1685720203, 1, 2, 12, 8, 0, 27.08%, 0, 2, 2, 161.87, 794451
1685720208, 1, 2, 12, 8, 0, 27.08%, 0, 2, 2, 162.55, 795267
1685720214, 1, 2, 12, 8, 0, 27.08%, 0, 2, 2, 163.37, 796131
1685720219, 1, 2, 12, 8, 0, 27.08%, 0, 2, 2, 158.56, 796962
1685720224, 1, 2, 12, 8, 0, 27.08%, 0, 2, 2, 162.07, 797815
1685720229, 1, 2, 12, 8, 0, 27.08%, 0, 2, 2, 161.67, 798658
1685720235, 1, 2, 12, 8, 0, 27.08%, 0, 2, 2, 161.78, 799501
1685720240, 1, 2, 12, 8, 0, 27.08%, 0, 2, 2, 161.95, 800353
1685720245, 1, 2, 12, 8, 0, 27.08%, 0, 2, 2, 160.71, 801205
1685720250, 1, 2, 12, 8, 0, 27.08%, 0, 2, 2, 159.26, 802000
1685720255, 1, 2, 12, 8, 0, 27.08%, 0, 2, 2, 161.89, 802807
1685720260, 1, 2, 12, 8, 0, 27.08%, 0, 2, 2, 164.62, 803674
1685720266, 1, 2, 12, 8, 0, 27.08%, 0, 2, 2, 164.03, 804538
1685720271, 1, 2, 12, 8, 0, 27.08%, 0, 2, 2, 160.89, 805384
1685720276, 1, 2, 12, 8, 0, 27.08%, 0, 2, 2, 161.23, 806194
1685720281, 1, 2, 12, 8, 0, 27.08%, 0, 2, 2, 163.74, 807058
1685720286, 1, 2, 12, 8, 0, 27.08%, 0, 2, 2, 162.77, 807907
1685720292, 1, 2, 12, 8, 0, 27.08%, 0, 2, 2, 160.06, 808750
1685720297, 1, 2, 12, 8, 0, 27.08%, 0, 2, 2, 160.59, 809599
1685720302, 1, 2, 12, 8, 0, 27.08%, 0, 2, 2, 159.11, 810433
1685720307, 1, 2, 12, 8, 0, 27.08%, 0, 2, 2, 160.11, 811276
1685720313, 1, 2, 12, 8, 0, 27.08%, 0, 2, 2, 157.97, 812104
1685720318, 1, 2, 12, 8, 0, 27.08%, 0, 2, 2, 163.39, 812974
1685720323, 1, 2, 12, 8, 0, 27.08%, 0, 2, 2, 165.19, 813835
1685720328, 1, 2, 12, 8, 0, 27.08%, 0, 2, 2, 166.09, 814705
1685720333, 1, 2, 12, 8, 0, 27.08%, 0, 2, 2, 163.51, 815518
1685720338, 1, 2, 12, 8, 0, 27.08%, 0, 2, 2, 163.00, 816326
1685720344, 1, 2, 12, 8, 0, 27.08%, 0, 2, 2, 159.31, 817153
1685720349, 1, 2, 12, 8, 0, 27.08%, 0, 2, 2, 162.24, 817960
1685720354, 1, 2, 12, 8, 0, 27.08%, 0, 2, 2, 164.74, 818828
1685720359, 1, 2, 12, 8, 0, 27.08%, 0, 2, 2, 160.04, 819661
1685720364, 1, 2, 12, 8, 0, 27.08%, 0, 2, 2, 160.96, 820462
1685720369, 1, 2, 12, 8, 0, 27.08%, 0, 2, 2, 163.43, 821317
1685720375, 1, 2, 12, 8, 0, 27.08%, 0, 2, 2, 163.97, 822175
1685720380, 1, 2, 12, 8, 0, 27.08%, 0, 2, 2, 165.37, 823048
1685720385, 1, 2, 12, 8, 0, 27.08%, 0, 2, 2, 161.90, 823849
1685720390, 1, 2, 12, 8, 0, 27.08%, 0, 2, 2, 166.98, 824695
1685720395, 1, 2, 12, 8, 0, 27.08%, 0, 2, 2, 164.35, 825544
1685720400, 1, 2, 12, 8, 0, 27.08%, 0, 2, 2, 162.46, 826396
1685720405, 1, 2, 12, 8, 0, 27.08%, 0, 2, 2, 160.79, 827194
1685720407, 1, 2, 12, 8, 0, 0.00%, 0, 2, 2, 0.00, 827498
